1768340444798 0.20434 0
1768340466615 0.36711 1
1768340488040 0.37124 2
1768340508817 0.41533 3
1768340529358 0.42594 4
1768340550210 0.42502 5
1768340571416 0.43982 6
1768340592491 0.44723 7
1768340613722 0.45918 8
1768340634695 0.46388 9
1768340655544 0.45401 10
1768340676369 0.45991 11
1768340696686 0.47259 12
1768340716369 0.47293 13
1768340736188 0.48759 14
1768340755966 0.48413 15
1768340776911 0.46923 16
1768340797795 0.48518 17
1768340818359 0.50152 18
1768340839034 0.49577 19
1768340885667 0.4926 20
1768340906512 0.50414 21
1768340927206 0.51964 22
1768340948087 0.51933 23
1768342659522 0.52419 24
1768342676144 0.51078 25
1768342692881 0.52349 26
1768342709684 0.5252 27
1768342726418 0.52603 28
1768342743112 0.53084 29
1768342746815 0.5304201821335282 29
