1768340444798 0.09972 0
1768340466615 0.17094 1
1768340488040 0.15909 2
1768340508817 0.19665 3
1768340529358 0.20467 4
1768340550210 0.20984 5
1768340571416 0.21675 6
1768340592491 0.21726 7
1768340613722 0.22494 8
1768340634695 0.22968 9
1768340655544 0.2196 10
1768340676369 0.22765 11
1768340696686 0.231 12
1768340716369 0.23407 13
1768340736188 0.24431 14
1768340755966 0.23967 15
1768340776911 0.23165 16
1768340797795 0.24136 17
1768340818359 0.24612 18
1768340839034 0.24523 19
1768340885667 0.24582 20
1768340906512 0.25278 21
1768340927206 0.25801 22
1768340948087 0.25545 23
1768342659522 0.259 24
1768342676144 0.2519 25
1768342692881 0.25898 26
1768342709684 0.25772 27
1768342726418 0.26064 28
1768342743112 0.26167 29
1768342746815 0.26154972005106325 29
