1768340444798 0.02251 0
1768340466615 0.77861 1
1768340488040 0.75598 2
1768340508817 0.67233 3
1768340529358 0.75738 4
1768340550210 0.62817 5
1768340571416 0.75522 6
1768340592491 0.65847 7
1768340613722 0.76978 8
1768340634695 0.64534 9
1768340655544 0.76702 10
1768340676369 0.69836 11
1768340696686 0.70455 12
1768340716369 0.69732 13
1768340736188 0.68982 14
1768340755966 0.60542 15
1768340776911 0.61493 16
1768340797795 0.60643 17
1768340818359 0.67018 18
1768340839034 0.63212 19
1768340885667 0.62687 20
1768340906512 0.62906 21
1768340927206 0.709 22
1768340948087 0.70701 23
1768342659522 0.68992 24
1768342676144 0.6644 25
1768342692881 0.69548 26
1768342709684 0.66991 27
1768342726418 0.66231 28
1768342743112 0.68466 29
1768342746815 0.6828532259794636 29
