1768340444798 0.33968 0
1768340466615 0.32842 1
1768340488040 0.34704 2
1768340508817 0.37026 3
1768340529358 0.35967 4
1768340550210 0.41182 5
1768340571416 0.40506 6
1768340592491 0.42817 7
1768340613722 0.40459 8
1768340634695 0.44156 9
1768340655544 0.41969 10
1768340676369 0.4234 11
1768340696686 0.43588 12
1768340716369 0.43364 13
1768340736188 0.45593 14
1768340755966 0.47204 15
1768340776911 0.4424 16
1768340797795 0.46462 17
1768340818359 0.47103 18
1768340839034 0.4744 19
1768340885667 0.4666 20
1768340906512 0.4835 21
1768340927206 0.49149 22
1768340948087 0.47945 23
1768342659522 0.49568 24
1768342676144 0.48341 25
1768342692881 0.50022 26
1768342709684 0.4989 27
1768342726418 0.49568 28
1768342743112 0.50273 29
1768342746815 0.5026972586500285 29
