1768340441590 0.000218747311827957 0
1768340463665 0.00042652498387096767 1
1768340484855 0.0006196286559139785 2
1768340505967 0.000600967 3
1768340526526 0.0005789559999999999 4
1768340547388 0.000556945 5
1768340568531 0.000534934 6
1768340589690 0.0005129229999999999 7
1768340610871 0.000490912 8
1768340631836 0.0004689009999999999 9
1768340652815 0.00044688999999999997 10
1768340673644 0.00042487899999999997 11
1768340693986 0.00040286799999999997 12
1768340713698 0.00038085699999999996 13
1768340733474 0.000358846 14
1768340753269 0.00033683499999999996 15
1768340774102 0.000314824 16
1768340795056 0.000292813 17
1768340815635 0.000270802 18
1768340836297 0.000248791 19
1768340882880 0.00022678 20
1768340903737 0.00020476900000000002 21
1768340924416 0.00018275800000000004 22
1768340945284 0.00016074699999999996 23
1768342657120 0.00013873599999999995 24
1768342673881 0.00011672499999999996 25
1768342690593 9.471399999999999e-05 26
1768342707253 7.270299999999997e-05 27
1768342724104 5.069199999999999e-05 28
1768342740813 2.8680999999999995e-05 29
