1768340441590 1.90008 0
1768340463665 1.86923 1
1768340484855 1.81593 2
1768340505967 1.78873 3
1768340526526 1.73789 4
1768340547388 1.71055 5
1768340568531 1.68686 6
1768340589690 1.6795 7
1768340610871 1.65302 8
1768340631836 1.64959 9
1768340652815 1.64209 10
1768340673644 1.60667 11
1768340693986 1.62622 12
1768340713698 1.5703 13
1768340733474 1.58316 14
1768340753269 1.56269 15
1768340774102 1.5349 16
1768340795056 1.56509 17
1768340815635 1.5124 18
1768340836297 1.50834 19
1768340882880 1.51573 20
1768340903737 1.4853 21
1768340924416 1.47635 22
1768340945284 1.45479 23
1768342657120 1.44278 24
1768342673881 1.43757 25
1768342690593 1.40794 26
1768342707253 1.39929 27
1768342724104 1.38916 28
1768342740813 1.38313 29
