1768340441590 3.63601 0
1768340463665 2.28432 1
1768340484855 1.80431 2
1768340505967 1.65662 3
1768340526526 1.54938 4
1768340547388 1.48749 5
1768340568531 1.43001 6
1768340589690 1.39979 7
1768340610871 1.35142 8
1768340631836 1.35428 9
1768340652815 1.35608 10
1768340673644 1.28983 11
1768340693986 1.31172 12
1768340713698 1.25568 13
1768340733474 1.23887 14
1768340753269 1.21891 15
1768340774102 1.16308 16
1768340795056 1.20088 17
1768340815635 1.14389 18
1768340836297 1.15005 19
1768340882880 1.17027 20
1768340903737 1.11118 21
1768340924416 1.09161 22
1768340945284 1.05458 23
1768342657120 1.04392 24
1768342673881 1.02788 25
1768342690593 1.00268 26
1768342707253 0.99702 27
1768342724104 0.97973 28
1768342740813 0.97578 29
