1768340441590 1.81138 0
1768340463665 1.73059 1
1768340484855 1.71402 2
1768340505967 1.68432 3
1768340526526 1.65928 4
1768340547388 1.61259 5
1768340568531 1.58376 6
1768340589690 1.59458 7
1768340610871 1.56717 8
1768340631836 1.56735 9
1768340652815 1.56923 10
1768340673644 1.54453 11
1768340693986 1.56348 12
1768340713698 1.52372 13
1768340733474 1.52917 14
1768340753269 1.51306 15
1768340774102 1.48181 16
1768340795056 1.5028 17
1768340815635 1.46811 18
1768340836297 1.48323 19
1768340882880 1.55054 20
1768340903737 1.52581 21
1768340924416 1.52105 22
1768340945284 1.49917 23
1768342657120 1.4918 24
1768342673881 1.48819 25
1768342690593 1.46772 26
1768342707253 1.46534 27
1768342724104 1.45852 28
1768342740813 1.46062 29
